0.21
0.23
0.335
0.54
0.52
0.67
0.775
0.805
0.73
0.625
0.49
0.38
0.28
0.21
0.21
0.315
0.43
0.565
0.68
0.78
0.8
0.77
0.67
0.54
0.345
0.275
0.19
0.245
0.24
0.45
0.51
0.64
0.725
0.785
0.755
0.72
0.64
0.48
0.305
0.235
0.22
0.24
0.29
0.49
0.565
0.695
0.73
0.79
0.74
0.66
0.49
0.4
0.26
0.135
0.245
0.305
0.405
0.54
0.67
0.775
0.805
0.805
0.665
0.595
0.43
0.315
0.23
0.165
0.25
0.325
0.42
0.63
0.715
0.805
0.81
0.69
0.655
0.49
0.305
0.185
0.205
0.21
0.265
0.465
0.605
0.75
0.78
0.77
0.72
0.635
0.58
0.375
0.19
0.245
0.225
0.26
0.395
0.57
0.71
0.785
0.845
0.77
0.68
0.48
0.445
0.315
0.18
0.205
0.3
0.365
0.575
0.685
0.695
0.745
0.79
0.715
0.585
0.455
0.345
0.275
0.21
0.245
0.33
0.505
0.63
0.79
0.78
0.75
0.75
0.71
0.475
0.38
0.205
0.175
0.22
0.25
0.38
0.52
0.73
0.785
0.795
0.735
0.625
0.6
0.41
0.29
0.23
0.21
0.3
0.35
0.465
0.66
0.765
0.865
0.765
0.74
0.665
0.465
0.27
0.25
0.175
0.24
0.31
0.505
0.575
0.7
0.81
0.815
0.765
0.625
0.485
0.375
0.245
0.22
0.2
0.3
0.445
0.545
0.665
0.755
0.78
0.765
0.645
0.615
0.445
0.275
0.25
0.215
0.26
0.395
0.485
0.595
0.715
0.785
0.81
0.72
0.6
0.435
0.285
0.23
0.205
0.245
0.3
0.47
0.575
0.765
0.795
0.78
0.765
0.62
0.415
0.415
0.265
0.21
0.24
0.235
0.385
0.595
0.695
0.78
0.765
0.775
0.655
0.505
0.36
0.275
0.2
0.18
0.24
0.395
0.49
0.625
0.735
0.79
0.85
0.695
0.595
0.425
0.34
0.175
0.17
0.23
0.365
0.43
0.62
0.715
0.735
0.82
0.78
0.57
0.455
0.365
0.265
0.195
0.215
0.31
0.405
0.51
0.665
0.8
0.81
0.715
0.755
0.57
0.46
0.225
0.235
0.195
0.275
0.385
0.47
0.63
0.72
0.81
0.74
0.695
0.655
0.44
0.355
0.235
0.185
0.215
0.345
0.395
0.575
0.7
0.79
0.76
0.765
0.615
0.545
0.335
0.26
0.235
0.175
0.29
0.39
0.555
0.635
0.76
0.825
0.805
0.665
0.555
0.365
0.285
0.205
0.195
0.315
0.35
0.535
0.605
0.755
0.85
0.77
0.66
0.605
0.5
0.33
0.235
0.22
0.255
0.295
0.425
0.61
0.695
0.79
0.765
0.72
0.625
0.49
0.395
0.245
0.18
0.185
0.255
0.44
0.53
0.685
0.73
0.79
0.775
0.69
0.465
0.435
0.325
0.18
0.21
0.235
0.365
0.525
0.59
0.675
0.8
0.795
0.735
0.635
0.41
0.3
0.26
0.23
0.235
0.375
0.48
0.66
0.725
0.805
0.84
0.705
0.69
0.485
0.39
0.225
0.25
0.265
0.295
0.345
0.58
0.745
0.685
0.805
0.755
0.615
0.555
0.38
0.28
0.225
0.205
0.225
0.38
0.5
0.55
0.75
0.82
0.815
0.75
0.6
0.455
0.38
0.2
0.21
0.245
0.375
0.47
0.65
0.71
0.795
0.87
0.715
0.635
0.47
0.365
0.225
0.18
0.23
0.265
0.46
0.53
0.685
0.79
0.805
0.785
0.69
0.535
0.44
0.26
0.215
0.195
0.245
0.37
0.495
0.675
0.75
0.82
0.78
0.585
0.57
0.45
0.36
0.205
0.18
0.32
0.36
0.495
0.605
0.705
0.785
0.785
0.68
0.65
0.545
0.385
0.275
0.23
0.205
0.27
0.43
0.46
0.68
0.825
0.785
0.73
0.72
0.57
0.375
0.29
0.195
0.175
0.255
0.37
0.52
0.6
0.715
0.835
0.81
0.725
0.6
0.45
0.365
0.235
0.22
0.27
0.33
0.41
0.585
0.77
0.805
0.84
0.715
0.635
0.445
0.295
0.29
0.19
0.225
0.285
0.405
0.53
0.67
0.76
0.81
