0.34
0.355
0.395
0.54
0.505
0.62
0.685
0.69
0.665
0.57
0.475
0.405
0.375
0.325
0.3
0.385
0.44
0.525
0.63
0.67
0.69
0.685
0.635
0.515
0.43
0.32
0.34
0.33
0.335
0.5
0.5
0.615
0.65
0.685
0.635
0.635
0.615
0.505
0.38
0.3
0.295
0.355
0.36
0.475
0.51
0.645
0.635
0.69
0.67
0.6
0.465
0.455
0.34
0.21
0.355
0.39
0.445
0.495
0.62
0.695
0.72
0.685
0.635
0.56
0.45
0.365
0.36
0.275
0.3
0.35
0.42
0.585
0.63
0.695
0.725
0.655
0.645
0.49
0.355
0.275
0.295
0.32
0.3
0.46
0.565
0.645
0.68
0.715
0.655
0.525
0.57
0.435
0.28
0.31
0.31
0.305
0.395
0.545
0.665
0.695
0.76
0.625
0.655
0.485
0.435
0.41
0.3
0.285
0.39
0.425
0.525
0.675
0.645
0.665
0.7
0.615
0.515
0.465
0.425
0.33
0.28
0.335
0.385
0.535
0.605
0.69
0.705
0.64
0.665
0.65
0.46
0.385
0.27
0.255
0.29
0.32
0.425
0.51
0.65
0.69
0.66
0.66
0.595
0.59
0.42
0.33
0.325
0.28
0.365
0.4
0.475
0.64
0.69
0.77
0.66
0.65
0.635
0.465
0.315
0.33
0.275
0.285
0.42
0.5
0.545
0.625
0.67
0.72
0.67
0.6
0.485
0.39
0.32
0.33
0.34
0.375
0.5
0.52
0.6
0.64
0.7
0.7
0.635
0.58
0.49
0.325
0.395
0.315
0.365
0.44
0.51
0.55
0.655
0.705
0.695
0.665
0.555
0.47
0.32
0.27
0.29
0.325
0.34
0.475
0.505
0.66
0.72
0.66
0.655
0.575
0.395
0.455
0.34
0.305
0.345
0.295
0.425
0.53
0.64
0.7
0.7
0.665
0.56
0.495
0.415
0.35
0.295
0.305
0.355
0.44
0.49
0.605
0.645
0.68
0.745
0.615
0.58
0.445
0.395
0.255
0.275
0.32
0.41
0.49
0.6
0.635
0.665
0.745
0.7
0.515
0.45
0.385
0.33
0.3
0.34
0.36
0.44
0.53
0.61
0.705
0.68
0.64
0.705
0.55
0.5
0.34
0.35
0.305
0.36
0.49
0.485
0.595
0.635
0.695
0.66
0.625
0.605
0.435
0.37
0.315
0.32
0.28
0.375
0.43
0.545
0.645
0.725
0.65
0.7
0.55
0.545
0.42
0.385
0.34
0.265
0.405
0.435
0.525
0.585
0.675
0.725
0.675
0.61
0.55
0.375
0.35
0.265
0.315
0.38
0.415
0.535
0.59
0.705
0.725
0.69
0.62
0.535
0.485
0.385
0.295
0.335
0.305
0.33
0.47
0.57
0.64
0.73
0.68
0.65
0.58
0.525
0.45
0.35
0.275
0.275
0.325
0.465
0.52
0.63
0.67
0.675
0.7
0.65
0.445
0.5
0.37
0.28
0.32
0.32
0.405
0.505
0.575
0.64
0.715
0.7
0.635
0.57
0.435
0.35
0.32
0.275
0.33
0.405
0.465
0.65
0.64
0.725
0.725
0.62
0.585
0.505
0.435
0.325
0.38
0.365
0.365
0.405
0.595
0.675
0.63
0.695
0.65
0.52
0.535
0.42
0.36
0.315
0.315
0.31
0.425
0.46
0.535
0.69
0.745
0.71
0.66
0.575
0.465
0.44
0.295
0.335
0.32
0.445
0.525
0.64
0.615
0.72
0.77
0.635
0.595
0.485
0.405
0.34
0.3
0.36
0.35
0.465
0.54
0.64
0.695
0.71
0.71
0.61
0.52
0.465
0.36
0.295
0.3
0.325
0.41
0.48
0.62
0.68
0.73
0.665
0.545
0.555
0.475
0.36
0.265
0.275
0.39
0.445
0.47
0.545
0.63
0.725
0.725
0.625
0.6
0.545
0.42
0.37
0.33
0.29
0.365
0.435
0.45
0.605
0.725
0.695
0.63
0.635
0.545
0.465
0.335
0.285
0.26
0.365
0.41
0.475
0.585
0.65
0.76
0.705
0.645
0.58
0.445
0.44
0.32
0.315
0.345
0.415
0.435
0.585
0.725
0.705
0.725
0.64
0.61
0.44
0.32
0.355
0.3
0.305
0.355
0.42
0.52
0.61
0.685
0.69
