0.46
0.42
0.435
0.55
0.44
0.55
0.59
0.58
0.555
0.535
0.49
0.475
0.485
0.395
0.4
0.44
0.465
0.515
0.605
0.575
0.56
0.56
0.54
0.455
0.47
0.43
0.48
0.455
0.4
0.52
0.48
0.605
0.565
0.56
0.55
0.57
0.58
0.485
0.435
0.38
0.395
0.405
0.425
0.5
0.475
0.61
0.55
0.57
0.6
0.53
0.46
0.485
0.41
0.345
0.47
0.445
0.49
0.48
0.545
0.59
0.63
0.615
0.605
0.505
0.46
0.44
0.435
0.355
0.375
0.41
0.46
0.515
0.565
0.575
0.615
0.58
0.55
0.5
0.435
0.41
0.37
0.365
0.335
0.475
0.545
0.585
0.6
0.6
0.585
0.49
0.575
0.525
0.38
0.385
0.395
0.385
0.395
0.54
0.63
0.625
0.635
0.56
0.605
0.46
0.46
0.48
0.38
0.39
0.445
0.48
0.535
0.63
0.56
0.58
0.6
0.535
0.515
0.475
0.485
0.415
0.385
0.425
0.425
0.54
0.575
0.58
0.615
0.515
0.555
0.615
0.425
0.46
0.36
0.36
0.395
0.405
0.465
0.51
0.58
0.56
0.58
0.61
0.565
0.575
0.475
0.38
0.395
0.385
0.43
0.43
0.43
0.595
0.595
0.68
0.57
0.545
0.585
0.445
0.395
0.395
0.365
0.39
0.46
0.475
0.53
0.56
0.55
0.595
0.605
0.54
0.5
0.415
0.43
0.44
0.425
0.45
0.505
0.49
0.555
0.58
0.595
0.615
0.58
0.595
0.52
0.365
0.525
0.4
0.395
0.475
0.51
0.515
0.575
0.615
0.645
0.59
0.505
0.49
0.4
0.37
0.4
0.41
0.385
0.485
0.455
0.53
0.615
0.575
0.595
0.525
0.4
0.48
0.395
0.415
0.415
0.39
0.475
0.5
0.55
0.655
0.59
0.575
0.505
0.5
0.46
0.42
0.42
0.41
0.43
0.495
0.49
0.53
0.59
0.565
0.64
0.55
0.56
0.5
0.405
0.37
0.39
0.415
0.45
0.49
0.58
0.53
0.575
0.64
0.615
0.48
0.505
0.4
0.36
0.415
0.425
0.465
0.42
0.525
0.57
0.615
0.57
0.54
0.6
0.505
0.545
0.38
0.425
0.44
0.395
0.55
0.54
0.575
0.595
0.585
0.58
0.565
0.56
0.435
0.42
0.415
0.405
0.36
0.42
0.435
0.505
0.59
0.63
0.57
0.625
0.53
0.575
0.47
0.48
0.41
0.38
0.485
0.485
0.545
0.54
0.57
0.65
0.6
0.575
0.545
0.435
0.45
0.37
0.385
0.435
0.465
0.5
0.555
0.62
0.625
0.585
0.545
0.53
0.52
0.445
0.39
0.41
0.375
0.38
0.5
0.535
0.54
0.63
0.6
0.565
0.535
0.54
0.465
0.41
0.43
0.35
0.405
0.485
0.515
0.575
0.57
0.54
0.63
0.565
0.465
0.535
0.46
0.375
0.44
0.405
0.425
0.49
0.54
0.53
0.595
0.61
0.57
0.51
0.445
0.365
0.4
0.37
0.425
0.465
0.495
0.615
0.58
0.64
0.615
0.52
0.545
0.53
0.475
0.43
0.475
0.435
0.44
0.425
0.575
0.6
0.56
0.59
0.535
0.48
0.525
0.465
0.44
0.405
0.405
0.39
0.485
0.48
0.52
0.595
0.605
0.565
0.58
0.555
0.505
0.505
0.375
0.44
0.395
0.485
0.545
0.6
0.55
0.645
0.615
0.545
0.555
0.485
0.42
0.415
0.365
0.43
0.435
0.47
0.535
0.58
0.62
0.63
0.635
0.545
0.515
0.465
0.465
0.385
0.385
0.405
0.41
0.485
0.585
0.565
0.635
0.515
0.51
0.56
0.49
0.405
0.33
0.35
0.46
0.475
0.465
0.53
0.6
0.63
0.625
0.565
0.555
0.515
0.485
0.445
0.39
0.405
0.42
0.41
0.425
0.52
0.635
0.6
0.535
0.58
0.535
0.475
0.385
0.375
0.34
0.47
0.5
0.455
0.575
0.575
0.665
0.58
0.55
0.56
0.495
0.49
0.395
0.42
0.4
0.485
0.45
0.565
0.605
0.595
0.605
0.6
0.57
0.46
0.38
0.445
0.365
0.395
0.41
0.43
0.49
0.52
0.555
0.595
