0.32
0.42
0.36
0.52
0.56
0.7
0.68
0.72
0.62
0.54
0.46
0.44
0.5
0.24
0.3
0.54
0.48
0.5
0.62
0.54
0.68
0.78
0.64
0.56
0.44
0.34
0.34
0.48
0.26
0.46
0.56
0.76
0.48
0.76
0.6
0.72
0.6
0.52
0.44
0.34
0.34
0.26
0.36
0.42
0.44
0.62
0.72
0.7
0.64
0.48
0.48
0.46
0.36
0.22
0.34
0.42
0.44
0.46
0.6
0.78
0.78
0.66
0.62
0.66
0.34
0.34
0.24
0.2
0.26
0.38
0.36
0.54
0.46
0.76
0.74
0.6
0.64
0.46
0.32
0.32
0.26
0.34
0.28
0.5
0.56
0.6
0.78
0.68
0.72
0.48
0.6
0.44
0.34
0.3
0.26
0.32
0.42
0.54
0.72
0.6
0.8
0.6
0.62
0.52
0.38
0.44
0.26
0.32
0.48
0.4
0.56
0.76
0.54
0.72
0.64
0.62
0.56
0.48
0.52
0.42
0.3
0.38
0.32
0.48
0.66
0.72
0.74
0.7
0.74
0.54
0.5
0.26
0.4
0.3
0.3
0.26
0.42
0.4
0.6
0.6
0.62
0.74
0.7
0.64
0.48
0.26
0.32
0.22
0.46
0.36
0.52
0.58
0.76
0.78
0.52
0.72
0.6
0.42
0.28
0.34
0.34
0.38
0.44
0.54
0.52
0.68
0.72
0.72
0.72
0.5
0.46
0.38
0.38
0.3
0.2
0.24
0.48
0.58
0.46
0.58
0.7
0.76
0.64
0.5
0.46
0.32
0.44
0.32
0.38
0.4
0.54
0.56
0.7
0.76
0.68
0.7
0.5
0.48
0.26
0.3
0.3
0.36
0.32
0.5
0.52
0.68
0.64
0.72
0.62
0.54
0.44
0.56
0.4
0.24
0.4
0.36
0.42
0.62
0.62
0.7
0.72
0.64
0.46
0.46
0.44
0.36
0.24
0.26
0.32
0.36
0.52
0.64
0.78
0.7
0.76
0.66
0.48
0.38
0.4
0.26
0.36
0.34
0.3
0.6
0.56
0.66
0.72
0.8
0.7
0.44
0.44
0.4
0.32
0.28
0.26
0.26
0.42
0.5
0.58
0.72
0.62
0.68
0.64
0.54
0.48
0.3
0.4
0.32
0.36
0.56
0.36
0.58
0.68
0.76
0.62
0.64
0.66
0.46
0.36
0.36
0.34
0.14
0.4
0.44
0.6
0.76
0.72
0.6
0.7
0.62
0.56
0.28
0.38
0.34
0.22
0.46
0.44
0.6
0.6
0.66
0.72
0.68
0.58
0.6
0.38
0.42
0.26
0.4
0.36
0.38
0.6
0.62
0.76
0.74
0.62
0.64
0.46
0.48
0.38
0.32
0.36
0.3
0.28
0.4
0.68
0.7
0.76
0.78
0.6
0.6
0.52
0.4
0.42
0.24
0.3
0.3
0.44
0.42
0.64
0.64
0.7
0.74
0.7
0.52
0.46
0.36
0.24
0.38
0.38
0.36
0.54
0.46
0.7
0.64
0.7
0.62
0.66
0.58
0.34
0.28
0.2
0.28
0.52
0.4
0.7
0.66
0.68
0.7
0.54
0.56
0.46
0.36
0.26
0.36
0.36
0.36
0.4
0.62
0.66
0.64
0.76
0.6
0.58
0.46
0.48
0.36
0.36
0.3
0.28
0.44
0.46
0.56
0.76
0.74
0.62
0.74
0.7
0.44
0.58
0.2
0.42
0.3
0.34
0.42
0.7
0.62
0.7
0.7
0.62
0.66
0.4
0.32
0.42
0.36
0.42
0.28
0.5
0.5
0.64
0.78
0.72
0.74
0.62
0.6
0.42
0.44
0.34
0.32
0.38
0.3
0.56
0.62
0.6
0.72
0.68
0.54
0.68
0.52
0.24
0.26
0.24
0.34
0.48
0.46
0.6
0.56
0.74
0.72
0.68
0.6
0.48
0.3
0.38
0.4
0.3
0.34
0.48
0.48
0.52
0.68
0.66
0.64
0.64
0.58
0.58
0.4
0.32
0.3
0.38
0.38
0.48
0.54
0.58
0.82
0.78
0.72
0.56
0.48
0.44
0.38
0.34
0.3
0.54
0.38
0.56
0.76
0.62
0.7
0.68
0.56
0.48
0.34
0.34
0.34
0.32
0.3
0.42
0.44
0.62
0.66
0.68
