0.14
0.16
0.32
0.54
0.58
0.86
0.86
0.92
0.76
0.56
0.5
0.38
0.26
0.06
0.14
0.34
0.4
0.54
0.7
0.76
0.86
0.9
0.72
0.56
0.44
0.18
0.08
0.16
0.1
0.4
0.48
0.7
0.8
0.88
0.82
0.78
0.72
0.56
0.32
0.14
0.12
0.1
0.28
0.46
0.5
0.76
0.84
0.92
0.84
0.5
0.5
0.38
0.2
0.08
0.08
0.32
0.36
0.6
0.74
0.86
0.96
0.82
0.74
0.68
0.36
0.18
0.06
0.04
0.14
0.34
0.36
0.64
0.72
0.88
0.94
0.78
0.76
0.44
0.24
0.1
0.08
0.14
0.16
0.46
0.64
0.76
0.92
0.82
0.86
0.72
0.58
0.34
0.2
0.14
0.08
0.12
0.36
0.6
0.8
0.78
0.94
0.84
0.78
0.52
0.48
0.24
0.06
0.08
0.2
0.32
0.56
0.72
0.78
0.92
0.86
0.84
0.7
0.48
0.3
0.16
0.12
0.14
0.12
0.42
0.74
0.8
0.94
0.92
0.88
0.7
0.48
0.2
0.24
0.12
0.1
0.18
0.34
0.5
0.76
0.76
0.94
0.84
0.78
0.56
0.56
0.26
0.12
0.1
0.28
0.3
0.48
0.58
0.82
0.92
0.74
0.94
0.68
0.4
0.26
0.22
0.08
0.22
0.28
0.46
0.58
0.74
0.82
0.84
0.86
0.7
0.38
0.28
0.18
0.1
0.1
0.18
0.36
0.58
0.68
0.82
0.82
0.9
0.72
0.6
0.42
0.24
0.08
0.1
0.24
0.24
0.6
0.74
0.84
0.94
0.9
0.78
0.62
0.46
0.24
0.12
0.06
0.1
0.28
0.44
0.58
0.82
0.86
0.9
0.76
0.7
0.48
0.42
0.16
0.06
0.3
0.2
0.38
0.64
0.68
0.92
0.92
0.82
0.68
0.56
0.32
0.18
0.14
0.06
0.12
0.34
0.54
0.7
0.9
0.88
0.9
0.78
0.56
0.34
0.3
0.1
0.12
0.2
0.22
0.36
0.62
0.76
0.86
0.92
0.78
0.6
0.42
0.24
0.14
0.14
0.1
0.2
0.4
0.54
0.74
0.84
0.84
0.86
0.78
0.42
0.42
0.18
0.18
0.16
0.22
0.32
0.42
0.6
0.84
0.9
0.88
0.76
0.7
0.52
0.34
0.16
0.08
0.06
0.28
0.42
0.74
0.76
0.88
0.82
0.92
0.68
0.56
0.18
0.18
0.1
0.06
0.14
0.42
0.64
0.74
0.86
0.9
0.82
0.68
0.62
0.28
0.26
0.06
0.12
0.28
0.34
0.54
0.64
0.86
0.94
0.82
0.78
0.56
0.38
0.28
0.16
0.16
0.12
0.16
0.42
0.66
0.82
0.92
0.92
0.88
0.62
0.44
0.38
0.16
0.08
0.12
0.12
0.42
0.5
0.8
0.82
0.84
0.9
0.76
0.58
0.38
0.18
0.1
0.14
0.2
0.26
0.6
0.5
0.8
0.84
0.9
0.84
0.7
0.52
0.26
0.06
0.12
0.18
0.42
0.56
0.8
0.76
0.86
0.9
0.76
0.72
0.48
0.32
0.12
0.12
0.16
0.16
0.38
0.62
0.84
0.84
0.94
0.86
0.7
0.52
0.38
0.16
0.16
0.12
0.1
0.4
0.52
0.6
0.86
0.98
0.88
0.9
0.72
0.38
0.34
0.1
0.06
0.14
0.2
0.4
0.76
0.72
0.92
0.94
0.84
0.7
0.44
0.28
0.22
0.14
0.18
0.18
0.46
0.56
0.72
0.98
0.94
0.8
0.72
0.58
0.36
0.3
0.2
0.14
0.18
0.22
0.56
0.6
0.8
0.94
0.9
0.84
0.56
0.52
0.26
0.06
0.06
0.18
0.34
0.38
0.74
0.74
0.86
0.86
0.86
0.7
0.46
0.22
0.16
0.2
0.14
0.24
0.46
0.54
0.68
0.88
0.9
0.82
0.7
0.54
0.42
0.32
0.12
0.08
0.22
0.42
0.52
0.66
0.82
0.92
0.96
0.8
0.56
0.36
0.32
0.14
0.14
0.14
0.3
0.3
0.46
0.86
0.9
0.96
0.82
0.68
0.52
0.34
0.16
0.18
0.14
0.16
0.42
0.6
0.8
0.82
0.92
