0.0
0.054496737905816106
0.20610737385376338
0.42178276747988447
0.6545084971874736
0.8535533905932736
0.9755282581475767
0.9938441702975689
0.9045084971874738
0.7269952498697738
0.5000000000000006
0.27300475013022707
0.09549150281252661
0.006155829702431226
0.024471741852423068
0.14644660940672583
0.3454915028125257
0.5782172325201149
0.7938926261462358
0.9455032620941837
1.0
0.9455032620941842
0.7938926261462373
0.578217232520116
0.3454915028125273
0.1464466094067267
0.024471741852423567
0.006155829702431059
0.09549150281252561
0.27300475013022596
0.4999999999999989
0.7269952498697727
0.9045084971874731
0.9938441702975687
0.9755282581475772
0.8535533905932748
0.6545084971874757
0.4217827674798853
0.2061073738537637
0.054496737905817216
0.0
0.054496737905816106
0.2061073738537617
0.42178276747988375
0.6545084971874708
0.8535533905932726
0.9755282581475766
0.9938441702975693
0.9045084971874745
0.7269952498697765
0.5000000000000022
0.2730047501302274
0.0954915028125281
0.006155829702431392
0.024471741852423068
0.14644660940672433
0.34549150281252494
0.5782172325201119
0.7938926261462347
0.9455032620941834
1.0
0.9455032620941848
0.793892626146237
0.5782172325201181
0.34549150281252766
0.14644660940672882
0.024471741852423956
0.006155829702430948
0.09549150281252439
0.27300475013022485
0.49999999999999584
0.7269952498697709
0.9045084971874707
0.9938441702975682
0.9755282581475775
0.8535533905932771
0.6545084971874768
0.4217827674798865
0.20610737385376687
0.05449673790581738
0.0
0.05449673790581433
0.20610737385376143
0.42178276747987986
0.6545084971874705
0.8535533905932697
0.9755282581475755
0.9938441702975693
0.9045084971874768
0.7269952498697769
0.5000000000000026
0.27300475013023084
0.09549150281252833
0.006155829702432003
0.024471741852421847
0.1464466094067241
0.3454915028125213
0.5782172325201115
0.7938926261462316
0.9455032620941817
1.0
