0.4
0.405
0.425
0.55
0.49
0.585
0.645
0.63
0.61
0.555
0.495
0.425
0.43
0.365
0.34
0.405
0.435
0.53
0.61
0.64
0.62
0.61
0.59
0.49
0.45
0.355
0.4
0.38
0.36
0.51
0.495
0.615
0.62
0.605
0.595
0.6
0.605
0.485
0.415
0.335
0.33
0.38
0.385
0.495
0.475
0.63
0.585
0.63
0.63
0.555
0.47
0.475
0.38
0.265
0.415
0.405
0.45
0.49
0.575
0.66
0.69
0.66
0.61
0.545
0.44
0.41
0.395
0.305
0.335
0.37
0.44
0.55
0.6
0.64
0.66
0.635
0.61
0.51
0.39
0.34
0.32
0.345
0.325
0.47
0.545
0.59
0.635
0.66
0.61
0.51
0.58
0.485
0.325
0.35
0.365
0.35
0.405
0.54
0.645
0.67
0.715
0.575
0.645
0.455
0.445
0.44
0.34
0.325
0.42
0.45
0.54
0.645
0.595
0.615
0.65
0.57
0.53
0.465
0.455
0.365
0.345
0.38
0.4
0.53
0.585
0.66
0.665
0.57
0.6
0.615
0.425
0.415
0.33
0.3
0.365
0.365
0.45
0.52
0.605
0.63
0.62
0.635
0.59
0.575
0.485
0.36
0.33
0.315
0.39
0.41
0.46
0.61
0.64
0.735
0.615
0.595
0.585
0.47
0.35
0.355
0.32
0.355
0.435
0.475
0.54
0.575
0.605
0.68
0.625
0.595
0.485
0.4
0.39
0.395
0.39
0.42
0.5
0.515
0.585
0.605
0.645
0.635
0.625
0.6
0.51
0.365
0.45
0.355
0.37
0.45
0.51
0.545
0.625
0.68
0.675
0.615
0.525
0.485
0.37
0.335
0.35
0.375
0.365
0.485
0.48
0.57
0.68
0.63
0.635
0.55
0.395
0.47
0.35
0.35
0.37
0.315
0.43
0.51
0.605
0.685
0.67
0.62
0.525
0.51
0.425
0.385
0.37
0.355
0.39
0.465
0.48
0.56
0.61
0.62
0.72
0.59
0.58
0.47
0.4
0.325
0.33
0.36
0.415
0.48
0.61
0.575
0.645
0.705
0.64
0.485
0.48
0.41
0.34
0.37
0.375
0.42
0.45
0.535
0.59
0.67
0.635
0.61
0.675
0.505
0.515
0.375
0.4
0.38
0.37
0.52
0.495
0.59
0.635
0.62
0.64
0.58
0.57
0.44
0.405
0.365
0.37
0.31
0.385
0.43
0.525
0.625
0.695
0.61
0.67
0.545
0.57
0.46
0.435
0.375
0.335
0.45
0.445
0.53
0.555
0.635
0.69
0.635
0.59
0.56
0.415
0.395
0.325
0.345
0.405
0.435
0.515
0.555
0.655
0.66
0.645
0.58
0.55
0.49
0.42
0.35
0.375
0.35
0.345
0.485
0.565
0.585
0.675
0.65
0.61
0.55
0.53
0.46
0.365
0.345
0.325
0.375
0.465
0.51
0.595
0.62
0.605
0.665
0.595
0.43
0.535
0.43
0.34
0.375
0.36
0.415
0.495
0.54
0.58
0.66
0.66
0.595
0.545
0.46
0.355
0.345
0.32
0.385
0.43
0.485
0.635
0.605
0.675
0.675
0.57
0.565
0.505
0.455
0.385
0.44
0.4
0.415
0.4
0.585
0.67
0.6
0.65
0.59
0.5
0.525
0.445
0.39
0.35
0.365
0.375
0.45
0.465
0.535
0.64
0.68
0.635
0.605
0.575
0.49
0.485
0.34
0.375
0.35
0.48
0.54
0.63
0.58
0.675
0.7
0.59
0.565
0.455
0.42
0.38
0.355
0.385
0.405
0.455
0.535
0.615
0.655
0.655
0.66
0.575
0.5
0.455
0.44
0.35
0.34
0.36
0.41
0.47
0.61
0.605
0.685
0.58
0.535
0.555
0.495
0.395
0.3
0.305
0.41
0.46
0.465
0.535
0.615
0.67
0.67
0.61
0.57
0.535
0.44
0.41
0.36
0.33
0.415
0.42
0.44
0.54
0.67
0.65
0.575
0.6
0.535
0.465
0.345
0.315
0.3
0.415
0.465
0.48
0.585
0.605
0.72
0.61
0.595
0.585
0.47
0.47
0.355
0.38
0.36
0.455
0.455
0.575
0.665
0.65
0.685
0.62
0.6
0.445
0.345
0.385
0.34
0.36
0.385
0.415
0.5
0.57
0.615
0.655
