0.56
0.52
0.5
0.555
0.405
0.515
0.505
0.455
0.435
0.48
0.52
0.55
0.515
0.495
0.465
0.51
0.475
0.465
0.555
0.485
0.44
0.47
0.485
0.45
0.51
0.485
0.555
0.545
0.51
0.58
0.48
0.55
0.485
0.455
0.44
0.53
0.54
0.485
0.465
0.455
0.535
0.455
0.47
0.495
0.47
0.565
0.43
0.49
0.52
0.495
0.5
0.5
0.475
0.465
0.53
0.53
0.55
0.495
0.52
0.53
0.565
0.47
0.515
0.535
0.49
0.525
0.545
0.455
0.44
0.475
0.465
0.48
0.49
0.46
0.52
0.5
0.505
0.48
0.47
0.485
0.465
0.445
0.39
0.465
0.51
0.505
0.47
0.485
0.52
0.45
0.535
0.525
0.46
0.52
0.51
0.45
0.415
0.535
0.535
0.56
0.525
0.485
0.49
0.485
0.445
0.545
0.485
0.495
0.525
0.52
0.51
0.56
0.47
0.51
0.52
0.46
0.515
0.495
0.515
0.515
0.5
0.54
0.505
0.515
0.525
0.525
0.525
0.37
0.475
0.555
0.455
0.515
0.475
0.44
0.49
0.51
0.525
0.525
0.515
0.48
0.49
0.505
0.5
0.555
0.48
0.465
0.485
0.49
0.51
0.475
0.46
0.54
0.49
0.59
0.485
0.465
0.555
0.455
0.47
0.465
0.45
0.49
0.535
0.515
0.5
0.49
0.48
0.495
0.51
0.515
0.535
0.46
0.535
0.535
0.555
0.53
0.57
0.435
0.515
0.51
0.505
0.545
0.525
0.565
0.525
0.44
0.58
0.485
0.465
0.465
0.52
0.465
0.505
0.53
0.515
0.525
0.465
0.53
0.495
0.425
0.5
0.535
0.43
0.53
0.435
0.445
0.525
0.5
0.525
0.47
0.405
0.56
0.505
0.53
0.515
0.445
0.51
0.485
0.485
0.565
0.51
0.51
0.455
0.5
0.51
0.505
0.52
0.49
0.51
0.515
0.47
0.5
0.505
0.435
0.535
0.46
0.555
0.52
0.49
0.465
0.475
0.485
0.5
0.505
0.555
0.455
0.48
0.53
0.51
0.435
0.525
0.44
0.42
0.525
0.505
0.505
0.47
0.49
0.535
0.54
0.49
0.485
0.525
0.5
0.545
0.455
0.515
0.51
0.485
0.615
0.515
0.515
0.53
0.505
0.48
0.515
0.51
0.43
0.48
0.51
0.52
0.445
0.48
0.44
0.43
0.52
0.52
0.475
0.535
0.5
0.575
0.525
0.555
0.505
0.475
0.525
0.505
0.52
0.46
0.49
0.575
0.485
0.525
0.535
0.455
0.52
0.475
0.47
0.51
0.545
0.485
0.545
0.57
0.51
0.48
0.515
0.48
0.555
0.515
0.475
0.525
0.465
0.47
0.525
0.49
0.47
0.515
0.5
0.455
0.505
0.535
0.525
0.495
0.55
0.455
0.445
0.52
0.52
0.52
0.48
0.425
0.57
0.505
0.48
0.555
0.545
0.455
0.53
0.465
0.48
0.51
0.475
0.46
0.51
0.485
0.495
0.47
0.5
0.405
0.51
0.515
0.505
0.505
0.54
0.555
0.515
0.55
0.56
0.445
0.505
0.575
0.515
0.525
0.57
0.51
0.465
0.455
0.54
0.53
0.465
0.525
0.45
0.46
0.5
0.495
0.545
0.53
0.515
0.48
0.54
0.48
0.505
0.495
0.54
0.49
0.525
0.52
0.51
0.525
0.455
0.505
0.525
0.54
0.555
0.54
0.47
0.485
0.505
0.445
0.475
0.49
0.455
0.56
0.455
0.555
0.475
0.47
0.535
0.51
0.54
0.52
0.535
0.51
0.485
0.545
0.525
0.495
0.5
0.5
0.47
0.46
0.525
0.5
0.575
0.455
0.46
0.53
0.485
0.445
0.42
0.47
0.525
0.56
0.49
0.49
0.53
0.5
0.51
0.51
0.515
0.53
0.54
0.54
0.465
0.495
0.485
0.39
0.42
0.485
0.57
0.475
0.445
0.545
0.53
0.505
0.455
0.47
0.44
0.535
0.52
0.455
0.545
0.495
0.52
0.49
0.48
0.525
0.525
0.545
0.485
0.525
0.495
0.565
0.48
0.555
0.53
0.525
0.535
0.51
0.525
0.46
0.455
0.52
0.455
0.5
0.49
0.5
0.455
0.475
0.455
0.475
