0.11
0.14
0.26
0.515
0.595
0.765
0.855
0.89
0.83
0.665
0.5
0.355
0.205
0.1
0.105
0.245
0.375
0.585
0.715
0.875
0.9
0.86
0.71
0.565
0.33
0.21
0.1
0.095
0.165
0.385
0.515
0.675
0.825
0.9
0.87
0.8
0.665
0.465
0.26
0.145
0.12
0.165
0.26
0.47
0.62
0.78
0.835
0.905
0.82
0.685
0.455
0.365
0.19
0.07
0.12
0.26
0.365
0.57
0.73
0.84
0.895
0.875
0.745
0.625
0.395
0.22
0.14
0.08
0.15
0.28
0.45
0.655
0.775
0.91
0.915
0.755
0.69
0.495
0.25
0.125
0.11
0.115
0.245
0.45
0.63
0.825
0.875
0.885
0.815
0.68
0.59
0.35
0.165
0.135
0.13
0.195
0.375
0.565
0.75
0.86
0.915
0.88
0.74
0.5
0.445
0.2
0.09
0.095
0.195
0.32
0.57
0.7
0.815
0.87
0.865
0.82
0.625
0.46
0.27
0.16
0.125
0.135
0.25
0.5
0.66
0.83
0.845
0.885
0.83
0.74
0.46
0.305
0.135
0.09
0.11
0.2
0.35
0.56
0.735
0.83
0.88
0.83
0.72
0.6
0.41
0.23
0.135
0.075
0.215
0.28
0.5
0.655
0.825
0.945
0.865
0.825
0.685
0.455
0.22
0.16
0.08
0.18
0.26
0.44
0.625
0.755
0.865
0.885
0.86
0.675
0.48
0.33
0.17
0.075
0.125
0.245
0.415
0.565
0.75
0.845
0.88
0.865
0.715
0.62
0.435
0.25
0.15
0.11
0.195
0.35
0.485
0.69
0.83
0.9
0.875
0.8
0.67
0.48
0.25
0.145
0.085
0.165
0.25
0.42
0.65
0.845
0.915
0.87
0.86
0.685
0.455
0.385
0.175
0.1
0.16
0.195
0.36
0.625
0.74
0.885
0.9
0.865
0.725
0.505
0.32
0.16
0.115
0.085
0.18
0.345
0.5
0.665
0.815
0.895
0.915
0.745
0.64
0.38
0.275
0.105
0.09
0.175
0.285
0.365
0.65
0.775
0.85
0.89
0.87
0.655
0.455
0.295
0.18
0.115
0.135
0.21
0.385
0.53
0.745
0.885
0.92
0.81
0.805
0.565
0.38
0.19
0.15
0.09
0.21
0.315
0.46
0.675
0.79
0.91
0.875
0.765
0.675
0.435
0.31
0.18
0.09
0.14
0.23
0.39
0.61
0.785
0.89
0.865
0.86
0.665
0.525
0.29
0.17
0.13
0.11
0.205
0.365
0.58
0.7
0.875
0.9
0.86
0.755
0.57
0.345
0.215
0.085
0.09
0.22
0.33
0.535
0.63
0.835
0.94
0.85
0.76
0.645
0.46
0.285
0.155
0.135
0.15
0.205
0.435
0.61
0.765
0.875
0.875
0.85
0.68
0.485
0.365
0.175
0.095
0.095
0.185
0.37
0.545
0.73
0.82
0.905
0.87
0.75
0.495
0.35
0.245
0.095
0.11
0.18
0.31
0.52
0.655
0.785
0.9
0.875
0.76
0.66
0.395
0.26
0.155
0.115
0.14
0.33
0.475
0.705
0.765
0.895
0.88
0.79
0.755
0.485
0.335
0.175
0.12
0.125
0.21
0.33
0.61
0.775
0.79
0.925
0.86
0.68
0.585
0.35
0.235
0.12
0.12
0.165
0.365
0.51
0.615
0.825
0.93
0.895
0.795
0.65
0.44
0.26
0.13
0.075
0.135
0.28
0.46
0.685
0.795
0.89
0.95
0.81
0.675
0.47
0.32
0.195
0.1
0.155
0.215
0.435
0.54
0.715
0.885
0.915
0.845
0.71
0.54
0.415
0.2
0.14
0.1
0.17
0.305
0.53
0.71
0.85
0.92
0.88
0.72
0.615
0.455
0.33
0.125
0.11
0.19
0.28
0.475
0.645
0.785
0.895
0.885
0.8
0.685
0.535
0.295
0.18
0.13
0.125
0.235
0.43
0.52
0.745
0.89
0.89
0.825
0.75
0.53
0.345
0.225
0.12
0.11
0.185
0.32
0.515
0.655
0.815
0.905
0.9
0.815
0.61
0.44
0.275
0.14
0.065
0.165
0.25
0.365
0.605
0.82
0.885
0.91
0.805
0.695
0.47
0.305
0.185
0.115
0.15
0.2
0.375
0.57
0.76
0.82
0.925
