0.435
0.41
0.43
0.54
0.47
0.565
0.605
0.605
0.575
0.545
0.5
0.47
0.47
0.38
0.375
0.425
0.46
0.52
0.605
0.59
0.59
0.585
0.565
0.475
0.465
0.41
0.47
0.435
0.4
0.515
0.485
0.62
0.58
0.57
0.575
0.57
0.585
0.485
0.44
0.355
0.375
0.39
0.425
0.51
0.48
0.625
0.57
0.595
0.605
0.525
0.46
0.48
0.395
0.315
0.45
0.44
0.46
0.48
0.565
0.595
0.66
0.62
0.61
0.52
0.455
0.43
0.42
0.335
0.355
0.39
0.455
0.525
0.57
0.59
0.63
0.6
0.58
0.505
0.415
0.385
0.355
0.365
0.325
0.48
0.545
0.595
0.605
0.615
0.585
0.5
0.575
0.5
0.34
0.37
0.38
0.37
0.405
0.55
0.635
0.635
0.66
0.565
0.605
0.47
0.465
0.465
0.355
0.355
0.435
0.475
0.54
0.635
0.57
0.6
0.625
0.545
0.53
0.46
0.475
0.405
0.365
0.415
0.415
0.535
0.585
0.61
0.645
0.535
0.585
0.615
0.435
0.46
0.34
0.335
0.375
0.405
0.455
0.505
0.59
0.59
0.61
0.62
0.58
0.57
0.485
0.365
0.36
0.355
0.41
0.42
0.435
0.595
0.61
0.695
0.6
0.55
0.585
0.455
0.37
0.385
0.355
0.385
0.46
0.48
0.53
0.565
0.56
0.62
0.605
0.575
0.495
0.415
0.41
0.425
0.405
0.44
0.51
0.5
0.575
0.585
0.615
0.625
0.595
0.6
0.51
0.37
0.495
0.38
0.385
0.475
0.5
0.52
0.59
0.655
0.655
0.605
0.515
0.5
0.39
0.36
0.385
0.4
0.37
0.485
0.465
0.545
0.65
0.6
0.605
0.53
0.4
0.465
0.38
0.4
0.395
0.36
0.455
0.495
0.565
0.68
0.635
0.595
0.51
0.505
0.455
0.41
0.38
0.375
0.42
0.49
0.49
0.54
0.605
0.585
0.69
0.555
0.58
0.475
0.405
0.35
0.37
0.39
0.435
0.5
0.595
0.545
0.61
0.66
0.615
0.475
0.51
0.41
0.355
0.4
0.405
0.445
0.425
0.52
0.585
0.64
0.59
0.555
0.63
0.495
0.55
0.365
0.41
0.42
0.39
0.53
0.51
0.58
0.61
0.6
0.62
0.575
0.56
0.44
0.425
0.395
0.39
0.335
0.405
0.435
0.51
0.6
0.645
0.585
0.645
0.54
0.58
0.47
0.475
0.39
0.355
0.47
0.475
0.525
0.55
0.605
0.66
0.605
0.59
0.555
0.44
0.43
0.355
0.37
0.43
0.455
0.505
0.55
0.64
0.635
0.615
0.55
0.525
0.505
0.45
0.37
0.395
0.37
0.355
0.5
0.55
0.56
0.65
0.62
0.58
0.545
0.525
0.465
0.4
0.405
0.345
0.39
0.47
0.515
0.585
0.59
0.57
0.64
0.57
0.45
0.525
0.445
0.37
0.41
0.39
0.415
0.48
0.535
0.545
0.64
0.63
0.59
0.53
0.445
0.345
0.38
0.365
0.42
0.45
0.485
0.62
0.585
0.66
0.635
0.54
0.55
0.525
0.47
0.41
0.46
0.42
0.435
0.42
0.575
0.65
0.57
0.61
0.565
0.495
0.525
0.46
0.425
0.38
0.39
0.39
0.48
0.475
0.51
0.61
0.62
0.595
0.575
0.56
0.505
0.5
0.355
0.415
0.385
0.485
0.535
0.6
0.555
0.665
0.63
0.56
0.555
0.465
0.42
0.395
0.35
0.41
0.425
0.465
0.54
0.615
0.645
0.64
0.655
0.555
0.5
0.47
0.455
0.375
0.365
0.39
0.415
0.47
0.61
0.585
0.655
0.535
0.52
0.56
0.51
0.4
0.31
0.335
0.445
0.465
0.47
0.535
0.615
0.64
0.635
0.575
0.57
0.52
0.46
0.44
0.38
0.375
0.43
0.41
0.435
0.52
0.655
0.62
0.55
0.585
0.525
0.47
0.375
0.35
0.325
0.455
0.49
0.465
0.585
0.58
0.695
0.595
0.565
0.565
0.49
0.485
0.365
0.4
0.39
0.465
0.46
0.565
0.63
0.62
0.64
0.605
0.595
0.455
0.37
0.4
0.355
0.38
0.39
0.42
0.505
0.555
0.56
0.62
