0.0
0.054496737905816106
0.20610737385376343
0.4217827674798846
0.6545084971874737
0.8535533905932737
0.9755282581475768
0.9938441702975689
0.9045084971874737
0.7269952498697734
0.5000000000000001
0.2730047501302267
0.09549150281252633
0.00615582970243117
0.02447174185242318
0.14644660940672616
0.34549150281252616
0.5782172325201149
0.7938926261462365
0.9455032620941841
1.0
0.9455032620941842
0.7938926261462367
0.5782172325201151
0.3454915028125265
0.1464466094067267
0.02447174185242329
0.00615582970243117
0.09549150281252616
0.27300475013022596
0.4999999999999998
0.7269952498697736
0.9045084971874735
0.9938441702975688
0.9755282581475772
0.8535533905932737
0.654508497187474
0.4217827674798853
0.2061073738537637
0.054496737905815607
0.0
0.054496737905816106
0.2061073738537617
0.42178276747988375
0.6545084971874742
0.8535533905932726
0.9755282581475766
0.9938441702975687
0.9045084971874745
0.7269952498697734
0.5000000000000022
0.2730047501302274
0.09549150281252605
0.006155829702431392
0.024471741852423068
0.14644660940672682
0.34549150281252494
0.5782172325201154
0.7938926261462347
0.9455032620941834
1.0
0.9455032620941848
0.793892626146237
0.5782172325201147
0.34549150281252766
0.14644660940672632
0.024471741852423956
0.006155829702430948
0.09549150281252439
0.27300475013022485
0.4999999999999994
0.7269952498697709
0.9045084971874728
0.9938441702975689
0.9755282581475775
0.8535533905932745
0.6545084971874735
0.4217827674798865
0.206107373853764
0.05449673790581738
0.0
0.05449673790581594
0.20610737385376143
0.4217827674798834
0.6545084971874705
0.8535533905932723
0.9755282581475766
0.9938441702975693
0.9045084971874746
0.7269952498697737
0.5000000000000026
0.27300475013022774
0.09549150281252627
0.006155829702431448
0.024471741852422957
0.1464466094067241
0.3454915028125246
0.578217232520115
0.7938926261462345
0.9455032620941833
1.0
0.945503262094185
0.7938926261462373
0.5782172325201185
0.34549150281252805
0.1464466094067266
0.024471741852424067
0.006155829702430893
0.09549150281252627
0.2730047501302245
0.499999999999999
0.7269952498697705
0.9045084971874726
0.9938441702975688
0.9755282581475777
0.8535533905932748
0.6545084971874773
0.4217827674798869
0.20610737385376432
0.05449673790581755
0.0
0.05449673790581577
0.2061073738537611
0.421782767479883
0.6545084971874735
0.853553390593272
0.9755282581475764
0.9938441702975693
0.9045084971874748
0.726995249869774
0.5000000000000029
0.27300475013022807
0.09549150281252855
0.006155829702431559
0.024471741852422846
0.14644660940672383
0.34549150281252095
0.5782172325201147
0.7938926261462341
0.9455032620941816
1.0
0.9455032620941834
0.7938926261462376
0.5782172325201119
0.34549150281252494
0.14644660940672682
0.024471741852421958
0.006155829702431392
0.09549150281252605
0.27300475013023057
0.5000000000000022
0.7269952498697734
0.9045084971874766
0.9938441702975693
0.9755282581475766
0.8535533905932751
0.6545084971874708
0.42178276747988375
0.2061073738537646
0.054496737905814496
0.0
0.054496737905815607
0.20610737385376654
0.4217827674798862
0.6545084971874732
0.8535533905932768
0.9755282581475775
0.9938441702975689
0.9045084971874751
0.7269952498697712
0.4999999999999998
0.2730047501302284
0.09549150281252461
0.006155829702431059
0.024471741852422735
0.1464466094067286
0.3454915028125273
0.5782172325201143
0.7938926261462396
0.9455032620941846
1.0
0.9455032620941821
0.793892626146235
0.5782172325201158
0.34549150281252194
0.1464466094067246
0.02447174185242318
0.006155829702430782
0.09549150281252788
0.27300475013022707
0.4999999999999983
0.7269952498697763
0.9045084971874743
0.9938441702975687
0.9755282581475757
0.8535533905932728
0.6545084971874746
0.42178276747988064
0.206107373853762
0.05449673790581627
0.0
0.05449673790581705
0.20610737385376338
0.4217827674798823
0.6545084971874762
0.8535533905932741
0.9755282581475762
0.9938441702975684
0.9045084971874733
0.7269952498697747
0.49999999999999656
0.2730047501302255
0.09549150281252688
0.00615582970243056
0.024471741852423734
0.14644660940672583
0.3454915028125304
0.5782172325201175
0.7938926261462365
0.9455032620941828
1.0
0.9455032620941839
0.7938926261462382
0.5782172325201126
0.3454915028125257
0.14644660940672738
0.02447174185242218
0.006155829702431281
0.09549150281252561
0.2730047501302299
0.5000000000000014
0.7269952498697727
0.904508497187472
0.9938441702975691
0.9755282581475768
0.8535533905932755
0.6545084971874715
0.4217827674798845
0.2061073738537652
0.05449673790581483
0.0
0.05449673790581527
0.20610737385376598
0.42178276747988547
0.6545084971874724
0.8535533905932763
0.9755282581475773
0.993844170297569
0.9045084971874714
0.7269952498697718
0.5000000000000004
0.273004750130229
0.095491502812525
0.00615582970243117
0.024471741852422513
0.14644660940672805
0.3454915028125266
0.5782172325201136
0.793892626146239
0.9455032620941843
1.0
0.9455032620941823
0.7938926261462356
0.5782172325201165
0.3454915028125294
0.1464466094067251
0.0244717418524234
0.006155829702430671
0.0954915028125275
0.2730047501302264
0.49999999999999756
0.7269952498697756
0.9045084971874697
0.9938441702975686
0.9755282581475759
0.8535533905932784
0.6545084971874753
0.42178276747988136
0.20610737385376837
0.054496737905816606
0.0
0.0544967379058135
0.20610737385376282
0.42178276747988863
0.6545084971874687
0.8535533905932735
0.9755282581475782
0.9938441702975696
0.9045084971874737
0.726995249869769
0.5000000000000044
0.2730047501302262
0.09549150281252317
0.006155829702431781
0.024471741852423512
0.14644660940673032
0.3454915028125229
0.5782172325201167
0.7938926261462416
0.9455032620941826
1.0
0.945503262094181
0.7938926261462388
0.5782172325201134
0.3454915028125196
0.14644660940672788
0.024471741852422402
0.00615582970243006
0.09549150281252516
0.27300475013022923
0.4999999999999936
0.726995249869772
0.9045084971874757
0.993844170297568
0.975528258147577
0.8535533905932711
0.6545084971874789
0.4217827674798852
0.20610737385376005
0.05449673790581838
0.0
0.05449673790581816
0.20610737385375966
0.42178276747988475
0.6545084971874785
0.8535533905932707
0.975528258147577
0.993844170297568
0.904508497187476
0.7269952498697725
0.4999999999999941
0.2730047501302297
0.09549150281252544
0.006155829702430171
0.02447174185242229
0.14644660940672755
0.34549150281251917
0.5782172325201128
0.7938926261462385
0.9455032620941808
1.0
0.9455032620941828
0.793892626146242
0.5782172325201171
0.3454915028125234
0.14644660940673065
0.024471741852423623
0.00615582970243167
0.09549150281252283
0.27300475013022574
0.5000000000000039
0.7269952498697686
0.9045084971874734
0.9938441702975696
0.9755282581475784
0.8535533905932738
0.6545084971874692
0.4217827674798891
0.2061073738537632
0.05449673790581372
0.0
0.054496737905816384
0.20610737385376798
0.42178276747988086
0.6545084971874748
0.853553390593278
0.9755282581475757
0.9938441702975687
0.90450849718747
0.726995249869776
0.49999999999999806
0.2730047501302332
0.09549150281252777
0.006155829702430782
0.02447174185242107
0.14644660940672477
0.34549150281252894
0.5782172325201089
0.7938926261462352
0.9455032620941854
1.0
0.9455032620941846
0.7938926261462336
0.578217232520121
0.34549150281252705
0.14644660940672338
0.024471741852424844
0.006155829702431059
0.09549150281252888
0.2730047501302223
0.5
0.7269952498697777
0.9045084971874711
0.9938441702975689
0.9755282581475752
0.8535533905932766
0.654508497187473
0.4217827674798789
0.20610737385376637
0.054496737905815495
0.0
0.05449673790581461
0.20610737385376476
0.421782767479877
0.6545084971874711
0.8535533905932753
0.9755282581475746
0.9938441702975692
0.9045084971874722
0.7269952498697795
0.500000000000002
0.273004750130224
0.09549150281253005
0.006155829702431392
0.024471741852424234
0.146446609406722
0.3454915028125252
0.5782172325201191
0.793892626146232
0.9455032620941837
1.0
0.9455032620941863
0.7938926261462368
0.5782172325201109
0.3454915028125308
0.14644660940672616
0.02447174185242168
0.006155829702430449
0.09549150281252661
0.2730047501302314
0.49999999999999606
0.7269952498697743
0.9045084971874772
0.9938441702975683
0.9755282581475764
0.8535533905932794
0.6545084971874766
0.4217827674798828
0.20610737385376954
0.05449673790581727
0.0
0.05449673790581283
0.2061073738537616
0.4217827674798872
0.6545084971874673
0.8535533905932724
0.9755282581475777
0.9938441702975698
0.9045084971874746
0.7269952498697703
0.5000000000000059
0.2730047501302275
0.095491502812524
0.006155829702432003
0.024471741852423012
0.14644660940672927
0.3454915028125215
0.5782172325201153
0.7938926261462403
0.9455032620941819
1.0
0.9455032620941817
0.79389262614624
0.5782172325201148
0.34549150281253455
0.14644660940672893
0.0244717418524229
0.006155829702429838
0.09549150281252428
0.27300475013022796
0.4999999999999922
0.7269952498697707
0.9045084971874748
0.9938441702975678
0.9755282581475776
0.8535533905932722
0.6545084971874804
0.4217827674798867
0.2061073738537612
0.05449673790581905
0.0
0.054496737905817494
0.20610737385375844
0.4217827674798833
0.6545084971874771
0.8535533905932697
0.9755282581475765
0.9938441702975682
0.9045084971874768
0.7269952498697738
0.4999999999999956
0.27300475013023096
0.09549150281252633
0.006155829702430393
0.024471741852421847
0.1464466094067265
0.34549150281253127
0.5782172325201114
0.7938926261462371
0.9455032620941801
1.0
