0.42
0.48
0.38
0.54
0.6
0.66
0.62
0.62
0.5
0.5
0.52
0.48
0.54
0.3
0.38
0.54
0.42
0.46
0.58
0.46
0.58
0.66
0.58
0.5
0.4
0.46
0.42
0.54
0.4
0.58
0.56
0.72
0.42
0.66
0.5
0.64
0.58
0.44
0.42
0.36
0.4
0.38
0.44
0.38
0.4
0.58
0.68
0.58
0.58
0.5
0.44
0.46
0.42
0.36
0.46
0.46
0.46
0.44
0.52
0.66
0.64
0.6
0.58
0.64
0.4
0.42
0.34
0.26
0.24
0.4
0.4
0.48
0.44
0.6
0.66
0.56
0.48
0.52
0.32
0.5
0.32
0.36
0.32
0.54
0.5
0.54
0.7
0.58
0.64
0.42
0.62
0.58
0.38
0.46
0.28
0.38
0.42
0.52
0.64
0.5
0.58
0.54
0.56
0.44
0.4
0.46
0.34
0.42
0.5
0.44
0.58
0.76
0.48
0.7
0.6
0.62
0.56
0.48
0.54
0.42
0.36
0.54
0.42
0.48
0.62
0.64
0.64
0.58
0.72
0.5
0.48
0.42
0.5
0.3
0.4
0.34
0.42
0.38
0.56
0.54
0.54
0.66
0.7
0.62
0.5
0.32
0.38
0.26
0.46
0.36
0.52
0.54
0.7
0.66
0.42
0.66
0.56
0.4
0.28
0.44
0.36
0.52
0.44
0.46
0.48
0.58
0.52
0.64
0.64
0.48
0.5
0.4
0.44
0.42
0.3
0.26
0.54
0.58
0.42
0.56
0.56
0.72
0.62
0.54
0.5
0.4
0.48
0.32
0.4
0.44
0.48
0.52
0.62
0.62
0.64
0.66
0.48
0.54
0.3
0.32
0.34
0.48
0.32
0.5
0.48
0.56
0.54
0.68
0.62
0.5
0.48
0.52
0.42
0.36
0.48
0.42
0.46
0.58
0.54
0.68
0.62
0.52
0.4
0.5
0.5
0.44
0.34
0.36
0.38
0.4
0.58
0.58
0.74
0.6
0.66
0.56
0.48
0.5
0.42
0.36
0.44
0.38
0.3
0.62
0.56
0.56
0.7
0.68
0.62
0.46
0.52
0.42
0.28
0.38
0.3
0.36
0.46
0.56
0.52
0.66
0.52
0.58
0.6
0.48
0.54
0.34
0.44
0.46
0.38
0.54
0.42
0.58
0.58
0.6
0.6
0.62
0.66
0.46
0.42
0.42
0.4
0.24
0.46
0.46
0.48
0.68
0.7
0.56
0.6
0.6
0.58
0.32
0.52
0.44
0.28
0.52
0.46
0.6
0.56
0.6
0.64
0.64
0.56
0.58
0.42
0.48
0.38
0.44
0.38
0.4
0.5
0.58
0.72
0.66
0.56
0.56
0.46
0.54
0.42
0.38
0.42
0.38
0.32
0.4
0.64
0.62
0.68
0.72
0.5
0.56
0.48
0.42
0.48
0.36
0.42
0.42
0.48
0.38
0.56
0.56
0.54
0.7
0.62
0.54
0.52
0.42
0.3
0.42
0.46
0.32
0.48
0.42
0.64
0.62
0.64
0.6
0.66
0.52
0.34
0.34
0.36
0.34
0.48
0.42
0.68
0.64
0.66
0.62
0.44
0.56
0.48
0.36
0.4
0.46
0.42
0.52
0.48
0.62
0.64
0.58
0.64
0.52
0.6
0.44
0.54
0.44
0.44
0.46
0.34
0.5
0.42
0.48
0.66
0.64
0.56
0.58
0.72
0.48
0.62
0.26
0.56
0.32
0.36
0.48
0.6
0.54
0.64
0.56
0.52
0.62
0.44
0.34
0.44
0.4
0.42
0.4
0.46
0.58
0.64
0.76
0.66
0.7
0.5
0.58
0.48
0.48
0.42
0.32
0.46
0.34
0.56
0.64
0.52
0.68
0.46
0.52
0.68
0.6
0.3
0.3
0.28
0.34
0.5
0.44
0.56
0.64
0.64
0.58
0.62
0.54
0.44
0.42
0.46
0.44
0.4
0.42
0.46
0.42
0.48
0.62
0.56
0.5
0.6
0.52
0.56
0.44
0.38
0.32
0.48
0.46
0.48
0.54
0.54
0.7
0.76
0.6
0.64
0.52
0.48
0.44
0.4
0.36
0.6
0.42
0.6
0.62
0.54
0.54
0.62
0.6
0.44
0.44
0.4
0.38
0.4
0.32
0.42
0.4
0.6
0.58
0.6
