0.4
0.48
0.38
0.54
0.58
0.68
0.66
0.64
0.56
0.52
0.52
0.46
0.52
0.28
0.34
0.56
0.44
0.48
0.62
0.54
0.62
0.72
0.6
0.52
0.4
0.38
0.4
0.52
0.3
0.54
0.56
0.74
0.44
0.66
0.56
0.68
0.6
0.48
0.4
0.36
0.38
0.34
0.4
0.4
0.4
0.58
0.72
0.6
0.6
0.5
0.46
0.48
0.4
0.26
0.44
0.4
0.46
0.44
0.52
0.76
0.72
0.62
0.58
0.64
0.36
0.42
0.3
0.24
0.24
0.38
0.4
0.5
0.46
0.68
0.68
0.62
0.58
0.52
0.32
0.42
0.3
0.36
0.32
0.52
0.5
0.52
0.74
0.62
0.68
0.46
0.6
0.54
0.34
0.4
0.28
0.36
0.44
0.52
0.68
0.58
0.72
0.54
0.6
0.44
0.4
0.44
0.32
0.34
0.48
0.4
0.58
0.74
0.48
0.72
0.62
0.58
0.58
0.48
0.5
0.42
0.36
0.5
0.34
0.5
0.6
0.68
0.7
0.62
0.7
0.5
0.48
0.36
0.52
0.3
0.4
0.32
0.44
0.4
0.58
0.54
0.58
0.66
0.7
0.64
0.52
0.32
0.32
0.24
0.44
0.38
0.52
0.54
0.72
0.72
0.48
0.68
0.6
0.44
0.28
0.4
0.36
0.48
0.44
0.5
0.48
0.6
0.64
0.7
0.68
0.48
0.5
0.34
0.42
0.36
0.28
0.24
0.54
0.6
0.42
0.56
0.6
0.72
0.64
0.54
0.5
0.4
0.46
0.32
0.38
0.38
0.52
0.54
0.66
0.68
0.66
0.7
0.5
0.52
0.3
0.32
0.32
0.46
0.32
0.52
0.5
0.62
0.58
0.72
0.62
0.52
0.46
0.56
0.4
0.28
0.42
0.38
0.42
0.6
0.58
0.68
0.68
0.58
0.42
0.5
0.46
0.4
0.32
0.34
0.36
0.4
0.56
0.6
0.76
0.64
0.7
0.6
0.48
0.44
0.4
0.36
0.4
0.34
0.28
0.58
0.56
0.62
0.7
0.78
0.68
0.44
0.52
0.42
0.28
0.34
0.28
0.32
0.46
0.56
0.54
0.68
0.52
0.64
0.62
0.5
0.48
0.34
0.44
0.4
0.34
0.54
0.38
0.56
0.66
0.6
0.6
0.62
0.64
0.48
0.42
0.4
0.38
0.2
0.42
0.46
0.5
0.7
0.7
0.58
0.64
0.6
0.56
0.32
0.5
0.4
0.24
0.5
0.46
0.6
0.58
0.6
0.66
0.66
0.56
0.62
0.38
0.44
0.36
0.42
0.36
0.4
0.56
0.6
0.72
0.68
0.58
0.58
0.48
0.5
0.38
0.38
0.4
0.36
0.28
0.38
0.66
0.66
0.7
0.76
0.52
0.58
0.48
0.42
0.44
0.3
0.4
0.36
0.46
0.36
0.54
0.58
0.58
0.72
0.64
0.5
0.5
0.44
0.28
0.42
0.46
0.32
0.54
0.4
0.66
0.62
0.66
0.62
0.66
0.58
0.34
0.3
0.24
0.34
0.52
0.4
0.68
0.64
0.66
0.66
0.48
0.58
0.46
0.36
0.36
0.46
0.4
0.5
0.42
0.6
0.66
0.6
0.68
0.52
0.58
0.44
0.5
0.42
0.4
0.42
0.34
0.44
0.42
0.56
0.72
0.66
0.58
0.66
0.72
0.44
0.6
0.24
0.48
0.32
0.38
0.48
0.68
0.6
0.66
0.66
0.58
0.64
0.38
0.34
0.44
0.4
0.44
0.36
0.48
0.52
0.62
0.76
0.68
0.7
0.52
0.58
0.44
0.46
0.38
0.32
0.44
0.32
0.56
0.62
0.52
0.7
0.56
0.54
0.68
0.6
0.3
0.28
0.26
0.34
0.5
0.44
0.58
0.6
0.64
0.64
0.66
0.56
0.46
0.38
0.46
0.42
0.36
0.42
0.46
0.42
0.48
0.62
0.58
0.52
0.6
0.54
0.56
0.38
0.36
0.32
0.44
0.46
0.46
0.54
0.56
0.76
0.74
0.66
0.64
0.52
0.44
0.4
0.38
0.28
0.6
0.38
0.6
0.68
0.56
0.62
0.64
0.58
0.46
0.38
0.38
0.38
0.36
0.32
0.42
0.38
0.62
0.68
0.64
