0.22
0.28
0.36
0.54
0.52
0.8
0.72
0.8
0.68
0.56
0.44
0.44
0.38
0.16
0.26
0.44
0.5
0.56
0.68
0.64
0.82
0.88
0.64
0.52
0.4
0.28
0.2
0.36
0.16
0.46
0.58
0.76
0.64
0.8
0.68
0.76
0.68
0.52
0.36
0.26
0.24
0.2
0.26
0.46
0.48
0.66
0.8
0.86
0.7
0.52
0.54
0.42
0.26
0.12
0.2
0.36
0.4
0.48
0.68
0.82
0.86
0.76
0.66
0.68
0.38
0.32
0.1
0.16
0.24
0.36
0.36
0.62
0.62
0.78
0.84
0.64
0.64
0.42
0.28
0.22
0.18
0.24
0.22
0.5
0.6
0.7
0.84
0.74
0.78
0.6
0.56
0.34
0.22
0.24
0.18
0.24
0.42
0.58
0.76
0.68
0.86
0.74
0.68
0.46
0.38
0.34
0.12
0.22
0.36
0.32
0.62
0.78
0.64
0.82
0.8
0.74
0.62
0.46
0.42
0.34
0.24
0.28
0.2
0.44
0.7
0.78
0.82
0.74
0.8
0.66
0.52
0.26
0.28
0.24
0.24
0.2
0.38
0.46
0.7
0.7
0.8
0.8
0.66
0.62
0.5
0.28
0.26
0.2
0.4
0.3
0.46
0.58
0.8
0.86
0.62
0.84
0.66
0.38
0.28
0.32
0.18
0.3
0.34
0.56
0.52
0.72
0.78
0.8
0.8
0.58
0.34
0.34
0.3
0.2
0.12
0.18
0.42
0.58
0.6
0.66
0.76
0.78
0.68
0.58
0.44
0.26
0.24
0.22
0.3
0.28
0.54
0.6
0.72
0.86
0.88
0.76
0.52
0.44
0.24
0.26
0.18
0.22
0.3
0.48
0.54
0.78
0.66
0.86
0.7
0.64
0.46
0.44
0.3
0.18
0.32
0.28
0.38
0.66
0.62
0.74
0.8
0.74
0.56
0.52
0.38
0.28
0.18
0.18
0.22
0.38
0.54
0.62
0.84
0.82
0.82
0.74
0.46
0.34
0.38
0.16
0.22
0.2
0.26
0.48
0.6
0.78
0.76
0.8
0.72
0.56
0.38
0.34
0.28
0.24
0.16
0.26
0.36
0.56
0.66
0.78
0.7
0.78
0.7
0.48
0.46
0.18
0.3
0.26
0.28
0.46
0.38
0.6
0.8
0.84
0.74
0.72
0.7
0.48
0.38
0.24
0.16
0.1
0.38
0.42
0.66
0.76
0.76
0.74
0.78
0.66
0.6
0.2
0.28
0.18
0.12
0.24
0.44
0.58
0.7
0.74
0.82
0.78
0.64
0.58
0.34
0.32
0.16
0.24
0.36
0.36
0.58
0.62
0.78
0.82
0.72
0.68
0.54
0.46
0.36
0.2
0.24
0.24
0.18
0.4
0.68
0.8
0.86
0.86
0.74
0.58
0.5
0.42
0.26
0.14
0.18
0.22
0.48
0.46
0.72
0.68
0.74
0.82
0.74
0.6
0.44
0.3
0.18
0.26
0.32
0.32
0.58
0.46
0.74
0.76
0.84
0.78
0.68
0.54
0.32
0.22
0.2
0.22
0.46
0.52
0.7
0.74
0.76
0.86
0.6
0.64
0.46
0.34
0.2
0.22
0.24
0.24
0.34
0.58
0.74
0.72
0.82
0.76
0.7
0.52
0.44
0.22
0.3
0.2
0.18
0.44
0.52
0.58
0.8
0.82
0.76
0.84
0.66
0.36
0.52
0.12
0.26
0.26
0.3
0.42
0.7
0.68
0.82
0.84
0.68
0.68
0.42
0.3
0.28
0.2
0.3
0.16
0.48
0.54
0.68
0.86
0.78
0.74
0.7
0.62
0.38
0.32
0.34
0.2
0.28
0.3
0.54
0.62
0.66
0.82
0.84
0.6
0.6
0.52
0.24
0.22
0.16
0.3
0.36
0.42
0.68
0.64
0.8
0.74
0.76
0.64
0.5
0.3
0.24
0.28
0.22
0.26
0.48
0.52
0.54
0.8
0.78
0.7
0.74
0.58
0.44
0.36
0.24
0.18
0.34
0.42
0.56
0.54
0.66
0.9
0.88
0.74
0.56
0.42
0.38
0.26
0.28
0.24
0.4
0.34
0.48
0.8
0.74
0.88
0.72
0.62
0.48
0.32
0.22
0.26
0.18
0.24
0.48
0.52
0.72
0.72
0.8
